   10.0000  1.229133E+12
   109.900  6.013944E+12
   209.800  9.125498E+12
   309.700  1.164159E+13
   409.600  1.378253E+13
   509.500  1.564608E+13
   609.400  1.728776E+13
   709.300  1.874370E+13
   809.200  2.003958E+13
   909.100  2.119476E+13
   1009.00  2.222455E+13
   1108.90  2.314146E+13
   1208.80  2.395594E+13
   1308.70  2.467698E+13
   1408.60  2.531239E+13
   1508.50  2.586903E+13
   1608.40  2.635306E+13
   1708.30  2.677000E+13
   1808.20  2.712482E+13
   1908.10  2.742210E+13
   2008.00  2.766601E+13
   2107.90  2.786039E+13
   2207.80  2.800881E+13
   2307.70  2.811451E+13
   2407.60  2.818058E+13
   2507.50  2.820984E+13
   2607.40  2.820494E+13
   2707.30  2.816836E+13
   2807.20  2.810241E+13
   2907.10  2.800926E+13
   3007.00  2.789094E+13
   3106.90  2.774935E+13
   3206.80  2.758627E+13
   3306.70  2.740338E+13
   3406.60  2.720228E+13
   3506.50  2.698443E+13
   3606.40  2.675122E+13
   3706.30  2.650399E+13
   3806.20  2.624394E+13
   3906.10  2.597226E+13
   4006.00  2.569003E+13
   4105.90  2.539827E+13
   4205.80  2.509795E+13
   4305.70  2.478997E+13
   4405.60  2.447520E+13
   4505.50  2.415442E+13
   4605.40  2.382841E+13
   4705.30  2.349787E+13
   4805.20  2.316345E+13
   4905.10  2.282579E+13
   5005.00  2.248547E+13
   5104.90  2.214304E+13
   5204.80  2.179900E+13
   5304.70  2.145384E+13
   5404.60  2.110804E+13
   5504.50  2.076196E+13
   5604.40  2.041605E+13
   5704.30  2.007063E+13
   5804.20  1.972608E+13
   5904.10  1.938270E+13
   6004.00  1.904078E+13
   6103.90  1.870059E+13
   6203.80  1.836240E+13
   6303.70  1.802645E+13
   6403.60  1.769293E+13
   6503.50  1.736207E+13
   6603.40  1.703403E+13
   6703.30  1.670898E+13
   6803.20  1.638710E+13
   6903.10  1.606851E+13
   7003.00  1.575334E+13
   7102.90  1.544170E+13
   7202.80  1.513371E+13
   7302.70  1.482946E+13
   7402.60  1.452903E+13
   7502.50  1.423248E+13
   7602.40  1.393991E+13
   7702.30  1.365134E+13
   7802.20  1.336684E+13
   7902.10  1.308645E+13
   8002.00  1.281020E+13
   8101.90  1.253811E+13
   8201.80  1.227022E+13
   8301.70  1.200652E+13
   8401.60  1.174703E+13
   8501.50  1.149177E+13
   8601.40  1.124072E+13
   8701.30  1.099389E+13
   8801.20  1.075126E+13
   8901.10  1.051282E+13
   9001.00  1.027856E+13
   9100.90  1.004844E+13
   9200.80  9.822468E+12
   9300.70  9.600592E+12
   9400.60  9.382794E+12
   9500.50  9.169044E+12
   9600.40  8.959306E+12
   9700.30  8.753545E+12
   9800.20  8.551722E+12
   9900.10  8.353801E+12
   10000.0  8.159741E+12
